[
    [
        0,
        -inf,
        -inf,
        -inf,
        -inf,
        -inf,
        -inf,
        -inf,
        -inf,
        -inf,
        -inf,
        -inf,
        -inf,
        -inf,
        -inf,
        -inf,
        -inf,
        -inf,
        -inf,
        -inf,
        -inf,
        -inf,
        -inf,
        -inf,
        -inf,
        -inf,
        -inf,
        -inf,
        -inf,
        -inf,
        -inf,
        -inf,
        -inf,
        -inf,
        -inf,
        -inf,
        -inf,
        -inf,
        -inf,
        -inf,
        -inf,
        -inf,
        -inf,
        -inf,
        -inf,
        -inf,
        -inf,
        -inf,
        -inf,
        -inf,
        -inf,
        -inf,
        -inf,
        -inf,
        -inf,
        -inf,
        -inf,
        -inf,
        -inf,
        -inf,
        -inf,
        -inf,
        -inf,
        -inf,
        -inf,
        -inf,
        -inf,
        -inf,
        -inf,
        -inf,
        -inf,
        -inf,
        -inf,
        -inf,
        -inf,
        -inf,
        -inf,
        -inf,
        -inf,
        -inf,
    ],
    [
        -inf,
        1,
        2,
        -inf,
        4,
        -inf,
        -inf,
        -inf,
        8,
        -inf,
        -inf,
        -inf,
        -inf,
        -inf,
        -inf,
        -inf,
        268435456,
        -inf,
        -inf,
        -inf,
        -inf,
        -inf,
        -inf,
        -inf,
        -inf,
        -inf,
        -inf,
        -inf,
        -inf,
        -inf,
        -inf,
        -inf,
        536870912,
        -inf,
        -inf,
        -inf,
        -inf,
        -inf,
        -inf,
        -inf,
        -inf,
        -inf,
        -inf,
        -inf,
        -inf,
        -inf,
        -inf,
        -inf,
        134217728,
        -inf,
        -inf,
        -inf,
        -inf,
        -inf,
        -inf,
        -inf,
        -inf,
        -inf,
        -inf,
        -inf,
        -inf,
        -inf,
        -inf,
        -inf,
        67108864,
        -inf,
        -inf,
        -inf,
        -inf,
        -inf,
        -inf,
        -inf,
        -inf,
        -inf,
        -inf,
        -inf,
        -inf,
        -inf,
        -inf,
        -inf,
    ],
    [
        671088640,
        -inf,
        2,
        3,
        4,
        5,
        6,
        -inf,
        8,
        9,
        10,
        -inf,
        12,
        -inf,
        -inf,
        -inf,
        603979776,
        268435457,
        268435458,
        -inf,
        268435460,
        -inf,
        -inf,
        -inf,
        268435464,
        -inf,
        -inf,
        -inf,
        -inf,
        -inf,
        -inf,
        -inf,
        536870912,
        536870913,
        536870914,
        -inf,
        536870916,
        -inf,
        -inf,
        -inf,
        536870920,
        -inf,
        -inf,
        -inf,
        -inf,
        -inf,
        -inf,
        -inf,
        805306368,
        134217729,
        134217730,
        -inf,
        134217732,
        -inf,
        -inf,
        -inf,
        134217736,
        -inf,
        -inf,
        -inf,
        -inf,
        -inf,
        -inf,
        -inf,
        1073741824,
        67108865,
        67108866,
        -inf,
        67108868,
        -inf,
        -inf,
        -inf,
        67108872,
        -inf,
        -inf,
        -inf,
        -inf,
        -inf,
        -inf,
        -inf,
    ],
    [
        1342177280,
        671088641,
        671088642,
        3,
        671088644,
        5,
        6,
        7,
        671088648,
        9,
        10,
        11,
        12,
        13,
        14,
        -inf,
        1610612736,
        603979777,
        603979778,
        268435459,
        603979780,
        268435461,
        268435462,
        -inf,
        603979784,
        268435465,
        268435466,
        -inf,
        268435468,
        -inf,
        -inf,
        -inf,
        1207959552,
        536870913,
        536870914,
        536870915,
        536870916,
        536870917,
        536870918,
        -inf,
        536870920,
        536870921,
        536870922,
        -inf,
        536870924,
        -inf,
        -inf,
        -inf,
        1140850688,
        805306369,
        805306370,
        134217731,
        805306372,
        134217733,
        134217734,
        -inf,
        805306376,
        134217737,
        134217738,
        -inf,
        134217740,
        -inf,
        -inf,
        -inf,
        1073741824,
        1073741825,
        1073741826,
        67108867,
        1073741828,
        67108869,
        67108870,
        -inf,
        1073741832,
        67108873,
        67108874,
        -inf,
        67108876,
        -inf,
        -inf,
        -inf,
    ],
    [
        1677721600,
        1342177281,
        1342177282,
        671088643,
        1342177284,
        671088645,
        671088646,
        7,
        1342177288,
        671088649,
        671088650,
        11,
        671088652,
        13,
        14,
        15,
        1610612736,
        1610612737,
        1610612738,
        603979779,
        1610612740,
        603979781,
        603979782,
        268435463,
        1610612744,
        603979785,
        603979786,
        268435467,
        603979788,
        268435469,
        268435470,
        -inf,
        1879048192,
        1207959553,
        1207959554,
        536870915,
        1207959556,
        536870917,
        536870918,
        536870919,
        1207959560,
        536870921,
        536870922,
        536870923,
        536870924,
        536870925,
        536870926,
        -inf,
        1644167168,
        1140850689,
        1140850690,
        805306371,
        1140850692,
        805306373,
        805306374,
        134217735,
        1140850696,
        805306377,
        805306378,
        134217739,
        805306380,
        134217741,
        134217742,
        -inf,
        1744830464,
        1073741825,
        1073741826,
        1073741827,
        1073741828,
        1073741829,
        1073741830,
        67108871,
        1073741832,
        1073741833,
        1073741834,
        67108875,
        1073741836,
        67108877,
        67108878,
        -inf,
    ],
    [
        2013265920,
        1677721601,
        1677721602,
        1342177283,
        1677721604,
        1342177285,
        1342177286,
        671088647,
        1677721608,
        1342177289,
        1342177290,
        671088651,
        1342177292,
        671088653,
        671088654,
        15,
        1946157056,
        1610612737,
        1610612738,
        1610612739,
        1610612740,
        1610612741,
        1610612742,
        603979783,
        1610612744,
        1610612745,
        1610612746,
        603979787,
        1610612748,
        603979789,
        603979790,
        268435471,
        1879048192,
        1879048193,
        1879048194,
        1207959555,
        1879048196,
        1207959557,
        1207959558,
        536870919,
        1879048200,
        1207959561,
        1207959562,
        536870923,
        1207959564,
        536870925,
        536870926,
        536870927,
        2147483648,
        1644167169,
        1644167170,
        1140850691,
        1644167172,
        1140850693,
        1140850694,
        805306375,
        1644167176,
        1140850697,
        1140850698,
        805306379,
        1140850700,
        805306381,
        805306382,
        134217743,
        1912602624,
        1744830465,
        1744830466,
        1073741827,
        1744830468,
        1073741829,
        1073741830,
        1073741831,
        1744830472,
        1073741833,
        1073741834,
        1073741835,
        1073741836,
        1073741837,
        1073741838,
        67108879,
    ],
    [
        2181038080,
        2013265921,
        2013265922,
        1677721603,
        2013265924,
        1677721605,
        1677721606,
        1342177287,
        2013265928,
        1677721609,
        1677721610,
        1342177291,
        1677721612,
        1342177293,
        1342177294,
        671088655,
        2281701376,
        1946157057,
        1946157058,
        1610612739,
        1946157060,
        1610612741,
        1610612742,
        1610612743,
        1946157064,
        1610612745,
        1610612746,
        1610612747,
        1610612748,
        1610612749,
        1610612750,
        603979791,
        2214592512,
        1879048193,
        1879048194,
        1879048195,
        1879048196,
        1879048197,
        1879048198,
        1207959559,
        1879048200,
        1879048201,
        1879048202,
        1207959563,
        1879048204,
        1207959565,
        1207959566,
        536870927,
        2147483648,
        2147483649,
        2147483650,
        1644167171,
        2147483652,
        1644167173,
        1644167174,
        1140850695,
        2147483656,
        1644167177,
        1644167178,
        1140850699,
        1644167180,
        1140850701,
        1140850702,
        805306383,
        2415919104,
        1912602625,
        1912602626,
        1744830467,
        1912602628,
        1744830469,
        1744830470,
        1073741831,
        1912602632,
        1744830473,
        1744830474,
        1073741835,
        1744830476,
        1073741837,
        1073741838,
        1073741839,
    ],
    [
        2432696320,
        2181038081,
        2181038082,
        2013265923,
        2181038084,
        2013265925,
        2013265926,
        1677721607,
        2181038088,
        2013265929,
        2013265930,
        1677721611,
        2013265932,
        1677721613,
        1677721614,
        1342177295,
        2449473536,
        2281701377,
        2281701378,
        1946157059,
        2281701380,
        1946157061,
        1946157062,
        1610612743,
        2281701384,
        1946157065,
        1946157066,
        1610612747,
        1946157068,
        1610612749,
        1610612750,
        1610612751,
        2550136832,
        2214592513,
        2214592514,
        1879048195,
        2214592516,
        1879048197,
        1879048198,
        1879048199,
        2214592520,
        1879048201,
        1879048202,
        1879048203,
        1879048204,
        1879048205,
        1879048206,
        1207959567,
        2483027968,
        2147483649,
        2147483650,
        2147483651,
        2147483652,
        2147483653,
        2147483654,
        1644167175,
        2147483656,
        2147483657,
        2147483658,
        1644167179,
        2147483660,
        1644167181,
        1644167182,
        1140850703,
        2415919104,
        2415919105,
        2415919106,
        1912602627,
        2415919108,
        1912602629,
        1912602630,
        1744830471,
        2415919112,
        1912602633,
        1912602634,
        1744830475,
        1912602636,
        1744830477,
        1744830478,
        1073741839,
    ],
    [
        2684354560,
        2432696321,
        2432696322,
        2181038083,
        2432696324,
        2181038085,
        2181038086,
        2013265927,
        2432696328,
        2181038089,
        2181038090,
        2013265931,
        2181038092,
        2013265933,
        2013265934,
        1677721615,
        2617245696,
        2449473537,
        2449473538,
        2281701379,
        2449473540,
        2281701381,
        2281701382,
        1946157063,
        2449473544,
        2281701385,
        2281701386,
        1946157067,
        2281701388,
        1946157069,
        1946157070,
        1610612751,
        2550136832,
        2550136833,
        2550136834,
        2214592515,
        2550136836,
        2214592517,
        2214592518,
        1879048199,
        2550136840,
        2214592521,
        2214592522,
        1879048203,
        2214592524,
        1879048205,
        1879048206,
        1879048207,
        2566914048,
        2483027969,
        2483027970,
        2147483651,
        2483027972,
        2147483653,
        2147483654,
        2147483655,
        2483027976,
        2147483657,
        2147483658,
        2147483659,
        2147483660,
        2147483661,
        2147483662,
        1644167183,
        2583691264,
        2415919105,
        2415919106,
        2415919107,
        2415919108,
        2415919109,
        2415919110,
        1912602631,
        2415919112,
        2415919113,
        2415919114,
        1912602635,
        2415919116,
        1912602637,
        1912602638,
        1744830479,
    ],
    [
        2684354560,
        2684354561,
        2684354562,
        2432696323,
        2684354564,
        2432696325,
        2432696326,
        2181038087,
        2684354568,
        2432696329,
        2432696330,
        2181038091,
        2432696332,
        2181038093,
        2181038094,
        2013265935,
        2701131776,
        2617245697,
        2617245698,
        2449473539,
        2617245700,
        2449473541,
        2449473542,
        2281701383,
        2617245704,
        2449473545,
        2449473546,
        2281701387,
        2449473548,
        2281701389,
        2281701390,
        1946157071,
        2717908992,
        2550136833,
        2550136834,
        2550136835,
        2550136836,
        2550136837,
        2550136838,
        2214592519,
        2550136840,
        2550136841,
        2550136842,
        2214592523,
        2550136844,
        2214592525,
        2214592526,
        1879048207,
        2818572288,
        2566914049,
        2566914050,
        2483027971,
        2566914052,
        2483027973,
        2483027974,
        2147483655,
        2566914056,
        2483027977,
        2483027978,
        2147483659,
        2483027980,
        2147483661,
        2147483662,
        2147483663,
        2751463424,
        2583691265,
        2583691266,
        2415919107,
        2583691268,
        2415919109,
        2415919110,
        2415919111,
        2583691272,
        2415919113,
        2415919114,
        2415919115,
        2415919116,
        2415919117,
        2415919118,
        1912602639,
    ],
    [
        2852126720,
        2684354561,
        2684354562,
        2684354563,
        2684354564,
        2684354565,
        2684354566,
        2432696327,
        2684354568,
        2684354569,
        2684354570,
        2432696331,
        2684354572,
        2432696333,
        2432696334,
        2181038095,
        2826960896,
        2701131777,
        2701131778,
        2617245699,
        2701131780,
        2617245701,
        2617245702,
        2449473543,
        2701131784,
        2617245705,
        2617245706,
        2449473547,
        2617245708,
        2449473549,
        2449473550,
        2281701391,
        2885681152,
        2717908993,
        2717908994,
        2550136835,
        2717908996,
        2550136837,
        2550136838,
        2550136839,
        2717909000,
        2550136841,
        2550136842,
        2550136843,
        2550136844,
        2550136845,
        2550136846,
        2214592527,
        2818572288,
        2818572289,
        2818572290,
        2566914051,
        2818572292,
        2566914053,
        2566914054,
        2483027975,
        2818572296,
        2566914057,
        2566914058,
        2483027979,
        2566914060,
        2483027981,
        2483027982,
        2147483663,
        2835349504,
        2751463425,
        2751463426,
        2583691267,
        2751463428,
        2583691269,
        2583691270,
        2415919111,
        2751463432,
        2583691273,
        2583691274,
        2415919115,
        2583691276,
        2415919117,
        2415919118,
        2415919119,
    ],
    [
        2894069760,
        2852126721,
        2852126722,
        2684354563,
        2852126724,
        2684354565,
        2684354566,
        2684354567,
        2852126728,
        2684354569,
        2684354570,
        2684354571,
        2684354572,
        2684354573,
        2684354574,
        2432696335,
        2952790016,
        2826960897,
        2826960898,
        2701131779,
        2826960900,
        2701131781,
        2701131782,
        2617245703,
        2826960904,
        2701131785,
        2701131786,
        2617245707,
        2701131788,
        2617245709,
        2617245710,
        2449473551,
        2885681152,
        2885681153,
        2885681154,
        2717908995,
        2885681156,
        2717908997,
        2717908998,
        2550136839,
        2885681160,
        2717909001,
        2717909002,
        2550136843,
        2717909004,
        2550136845,
        2550136846,
        2550136847,
        2902458368,
        2818572289,
        2818572290,
        2818572291,
        2818572292,
        2818572293,
        2818572294,
        2566914055,
        2818572296,
        2818572297,
        2818572298,
        2566914059,
        2818572300,
        2566914061,
        2566914062,
        2483027983,
        2919235584,
        2835349505,
        2835349506,
        2751463427,
        2835349508,
        2751463429,
        2751463430,
        2583691271,
        2835349512,
        2751463433,
        2751463434,
        2583691275,
        2751463436,
        2583691277,
        2583691278,
        2415919119,
    ],
    [
        3019898880,
        2894069761,
        2894069762,
        2852126723,
        2894069764,
        2852126725,
        2852126726,
        2684354567,
        2894069768,
        2852126729,
        2852126730,
        2684354571,
        2852126732,
        2684354573,
        2684354574,
        2684354575,
        2952790016,
        2952790017,
        2952790018,
        2826960899,
        2952790020,
        2826960901,
        2826960902,
        2701131783,
        2952790024,
        2826960905,
        2826960906,
        2701131787,
        2826960908,
        2701131789,
        2701131790,
        2617245711,
        2969567232,
        2885681153,
        2885681154,
        2885681155,
        2885681156,
        2885681157,
        2885681158,
        2717908999,
        2885681160,
        2885681161,
        2885681162,
        2717909003,
        2885681164,
        2717909005,
        2717909006,
        2550136847,
        2986344448,
        2902458369,
        2902458370,
        2818572291,
        2902458372,
        2818572293,
        2818572294,
        2818572295,
        2902458376,
        2818572297,
        2818572298,
        2818572299,
        2818572300,
        2818572301,
        2818572302,
        2566914063,
        2961178624,
        2919235585,
        2919235586,
        2835349507,
        2919235588,
        2835349509,
        2835349510,
        2751463431,
        2919235592,
        2835349513,
        2835349514,
        2751463435,
        2835349516,
        2751463437,
        2751463438,
        2583691279,
    ],
    [
        3019898880,
        3019898881,
        3019898882,
        2894069763,
        3019898884,
        2894069765,
        2894069766,
        2852126727,
        3019898888,
        2894069769,
        2894069770,
        2852126731,
        2894069772,
        2852126733,
        2852126734,
        2684354575,
        3036676096,
        2952790017,
        2952790018,
        2952790019,
        2952790020,
        2952790021,
        2952790022,
        2826960903,
        2952790024,
        2952790025,
        2952790026,
        2826960907,
        2952790028,
        2826960909,
        2826960910,
        2701131791,
        3053453312,
        2969567233,
        2969567234,
        2885681155,
        2969567236,
        2885681157,
        2885681158,
        2885681159,
        2969567240,
        2885681161,
        2885681162,
        2885681163,
        2885681164,
        2885681165,
        2885681166,
        2717909007,
        3028287488,
        2986344449,
        2986344450,
        2902458371,
        2986344452,
        2902458373,
        2902458374,
        2818572295,
        2986344456,
        2902458377,
        2902458378,
        2818572299,
        2902458380,
        2818572301,
        2818572302,
        2818572303,
        3024093184,
        2961178625,
        2961178626,
        2919235587,
        2961178628,
        2919235589,
        2919235590,
        2835349511,
        2961178632,
        2919235593,
        2919235594,
        2835349515,
        2919235596,
        2835349517,
        2835349518,
        2751463439,
    ],
    [
        3061841920,
        3019898881,
        3019898882,
        3019898883,
        3019898884,
        3019898885,
        3019898886,
        2894069767,
        3019898888,
        3019898889,
        3019898890,
        2894069771,
        3019898892,
        2894069773,
        2894069774,
        2852126735,
        3057647616,
        3036676097,
        3036676098,
        2952790019,
        3036676100,
        2952790021,
        2952790022,
        2952790023,
        3036676104,
        2952790025,
        2952790026,
        2952790027,
        2952790028,
        2952790029,
        2952790030,
        2826960911,
        3053453312,
        3053453313,
        3053453314,
        2969567235,
        3053453316,
        2969567237,
        2969567238,
        2885681159,
        3053453320,
        2969567241,
        2969567242,
        2885681163,
        2969567244,
        2885681165,
        2885681166,
        2885681167,
        3070230528,
        3028287489,
        3028287490,
        2986344451,
        3028287492,
        2986344453,
        2986344454,
        2902458375,
        3028287496,
        2986344457,
        2986344458,
        2902458379,
        2986344460,
        2902458381,
        2902458382,
        2818572303,
        3087007744,
        3024093185,
        3024093186,
        2961178627,
        3024093188,
        2961178629,
        2961178630,
        2919235591,
        3024093192,
        2961178633,
        2961178634,
        2919235595,
        2961178636,
        2919235597,
        2919235598,
        2835349519,
    ],
    [
        3103784960,
        3061841921,
        3061841922,
        3019898883,
        3061841924,
        3019898885,
        3019898886,
        3019898887,
        3061841928,
        3019898889,
        3019898890,
        3019898891,
        3019898892,
        3019898893,
        3019898894,
        2894069775,
        3120562176,
        3057647617,
        3057647618,
        3036676099,
        3057647620,
        3036676101,
        3036676102,
        2952790023,
        3057647624,
        3036676105,
        3036676106,
        2952790027,
        3036676108,
        2952790029,
        2952790030,
        2952790031,
        3095396352,
        3053453313,
        3053453314,
        3053453315,
        3053453316,
        3053453317,
        3053453318,
        2969567239,
        3053453320,
        3053453321,
        3053453322,
        2969567243,
        3053453324,
        2969567245,
        2969567246,
        2885681167,
        3091202048,
        3070230529,
        3070230530,
        3028287491,
        3070230532,
        3028287493,
        3028287494,
        2986344455,
        3070230536,
        3028287497,
        3028287498,
        2986344459,
        3028287500,
        2986344461,
        2986344462,
        2902458383,
        3087007744,
        3087007745,
        3087007746,
        3024093187,
        3087007748,
        3024093189,
        3024093190,
        2961178631,
        3087007752,
        3024093193,
        3024093194,
        2961178635,
        3024093196,
        2961178637,
        2961178638,
        2919235599,
    ],
    [
        3124756480,
        3103784961,
        3103784962,
        3061841923,
        3103784964,
        3061841925,
        3061841926,
        3019898887,
        3103784968,
        3061841929,
        3061841930,
        3019898891,
        3061841932,
        3019898893,
        3019898894,
        3019898895,
        3120562176,
        3120562177,
        3120562178,
        3057647619,
        3120562180,
        3057647621,
        3057647622,
        3036676103,
        3120562184,
        3057647625,
        3057647626,
        3036676107,
        3057647628,
        3036676109,
        3036676110,
        2952790031,
        3137339392,
        3095396353,
        3095396354,
        3053453315,
        3095396356,
        3053453317,
        3053453318,
        3053453319,
        3095396360,
        3053453321,
        3053453322,
        3053453323,
        3053453324,
        3053453325,
        3053453326,
        2969567247,
        3122659328,
        3091202049,
        3091202050,
        3070230531,
        3091202052,
        3070230533,
        3070230534,
        3028287495,
        3091202056,
        3070230537,
        3070230538,
        3028287499,
        3070230540,
        3028287501,
        3028287502,
        2986344463,
        3128950784,
        3087007745,
        3087007746,
        3087007747,
        3087007748,
        3087007749,
        3087007750,
        3024093191,
        3087007752,
        3087007753,
        3087007754,
        3024093195,
        3087007756,
        3024093197,
        3024093198,
        2961178639,
    ],
    [
        3145728000,
        3124756481,
        3124756482,
        3103784963,
        3124756484,
        3103784965,
        3103784966,
        3061841927,
        3124756488,
        3103784969,
        3103784970,
        3061841931,
        3103784972,
        3061841933,
        3061841934,
        3019898895,
        3141533696,
        3120562177,
        3120562178,
        3120562179,
        3120562180,
        3120562181,
        3120562182,
        3057647623,
        3120562184,
        3120562185,
        3120562186,
        3057647627,
        3120562188,
        3057647629,
        3057647630,
        3036676111,
        3137339392,
        3137339393,
        3137339394,
        3095396355,
        3137339396,
        3095396357,
        3095396358,
        3053453319,
        3137339400,
        3095396361,
        3095396362,
        3053453323,
        3095396364,
        3053453325,
        3053453326,
        3053453327,
        3154116608,
        3122659329,
        3122659330,
        3091202051,
        3122659332,
        3091202053,
        3091202054,
        3070230535,
        3122659336,
        3091202057,
        3091202058,
        3070230539,
        3091202060,
        3070230541,
        3070230542,
        3028287503,
        3139436544,
        3128950785,
        3128950786,
        3087007747,
        3128950788,
        3087007749,
        3087007750,
        3087007751,
        3128950792,
        3087007753,
        3087007754,
        3087007755,
        3087007756,
        3087007757,
        3087007758,
        3024093199,
    ],
    [
        3156213760,
        3145728001,
        3145728002,
        3124756483,
        3145728004,
        3124756485,
        3124756486,
        3103784967,
        3145728008,
        3124756489,
        3124756490,
        3103784971,
        3124756492,
        3103784973,
        3103784974,
        3061841935,
        3162505216,
        3141533697,
        3141533698,
        3120562179,
        3141533700,
        3120562181,
        3120562182,
        3120562183,
        3141533704,
        3120562185,
        3120562186,
        3120562187,
        3120562188,
        3120562189,
        3120562190,
        3057647631,
        3158310912,
        3137339393,
        3137339394,
        3137339395,
        3137339396,
        3137339397,
        3137339398,
        3095396359,
        3137339400,
        3137339401,
        3137339402,
        3095396363,
        3137339404,
        3095396365,
        3095396366,
        3053453327,
        3154116608,
        3154116609,
        3154116610,
        3122659331,
        3154116612,
        3122659333,
        3122659334,
        3091202055,
        3154116616,
        3122659337,
        3122659338,
        3091202059,
        3122659340,
        3091202061,
        3091202062,
        3070230543,
        3170893824,
        3139436545,
        3139436546,
        3128950787,
        3139436548,
        3128950789,
        3128950790,
        3087007751,
        3139436552,
        3128950793,
        3128950794,
        3087007755,
        3128950796,
        3087007757,
        3087007758,
        3087007759,
    ],
    [
        3171942400,
        3156213761,
        3156213762,
        3145728003,
        3156213764,
        3145728005,
        3145728006,
        3124756487,
        3156213768,
        3145728009,
        3145728010,
        3124756491,
        3145728012,
        3124756493,
        3124756494,
        3103784975,
        3172990976,
        3162505217,
        3162505218,
        3141533699,
        3162505220,
        3141533701,
        3141533702,
        3120562183,
        3162505224,
        3141533705,
        3141533706,
        3120562187,
        3141533708,
        3120562189,
        3120562190,
        3120562191,
        3179282432,
        3158310913,
        3158310914,
        3137339395,
        3158310916,
        3137339397,
        3137339398,
        3137339399,
        3158310920,
        3137339401,
        3137339402,
        3137339403,
        3137339404,
        3137339405,
        3137339406,
        3095396367,
        3175088128,
        3154116609,
        3154116610,
        3154116611,
        3154116612,
        3154116613,
        3154116614,
        3122659335,
        3154116616,
        3154116617,
        3154116618,
        3122659339,
        3154116620,
        3122659341,
        3122659342,
        3091202063,
        3170893824,
        3170893825,
        3170893826,
        3139436547,
        3170893828,
        3139436549,
        3139436550,
        3128950791,
        3170893832,
        3139436553,
        3139436554,
        3128950795,
        3139436556,
        3128950797,
        3128950798,
        3087007759,
    ],
    [
        3187671040,
        3171942401,
        3171942402,
        3156213763,
        3171942404,
        3156213765,
        3156213766,
        3145728007,
        3171942408,
        3156213769,
        3156213770,
        3145728011,
        3156213772,
        3145728013,
        3145728014,
        3124756495,
        3183476736,
        3172990977,
        3172990978,
        3162505219,
        3172990980,
        3162505221,
        3162505222,
        3141533703,
        3172990984,
        3162505225,
        3162505226,
        3141533707,
        3162505228,
        3141533709,
        3141533710,
        3120562191,
        3179282432,
        3179282433,
        3179282434,
        3158310915,
        3179282436,
        3158310917,
        3158310918,
        3137339399,
        3179282440,
        3158310921,
        3158310922,
        3137339403,
        3158310924,
        3137339405,
        3137339406,
        3137339407,
        3180331008,
        3175088129,
        3175088130,
        3154116611,
        3175088132,
        3154116613,
        3154116614,
        3154116615,
        3175088136,
        3154116617,
        3154116618,
        3154116619,
        3154116620,
        3154116621,
        3154116622,
        3122659343,
        3181379584,
        3170893825,
        3170893826,
        3170893827,
        3170893828,
        3170893829,
        3170893830,
        3139436551,
        3170893832,
        3170893833,
        3170893834,
        3139436555,
        3170893836,
        3139436557,
        3139436558,
        3128950799,
    ],
    [
        3187671040,
        3187671041,
        3187671042,
        3171942403,
        3187671044,
        3171942405,
        3171942406,
        3156213767,
        3187671048,
        3171942409,
        3171942410,
        3156213771,
        3171942412,
        3156213773,
        3156213774,
        3145728015,
        3188719616,
        3183476737,
        3183476738,
        3172990979,
        3183476740,
        3172990981,
        3172990982,
        3162505223,
        3183476744,
        3172990985,
        3172990986,
        3162505227,
        3172990988,
        3162505229,
        3162505230,
        3141533711,
        3189768192,
        3179282433,
        3179282434,
        3179282435,
        3179282436,
        3179282437,
        3179282438,
        3158310919,
        3179282440,
        3179282441,
        3179282442,
        3158310923,
        3179282444,
        3158310925,
        3158310926,
        3137339407,
        3196059648,
        3180331009,
        3180331010,
        3175088131,
        3180331012,
        3175088133,
        3175088134,
        3154116615,
        3180331016,
        3175088137,
        3175088138,
        3154116619,
        3175088140,
        3154116621,
        3154116622,
        3154116623,
        3191865344,
        3181379585,
        3181379586,
        3170893827,
        3181379588,
        3170893829,
        3170893830,
        3170893831,
        3181379592,
        3170893833,
        3170893834,
        3170893835,
        3170893836,
        3170893837,
        3170893838,
        3139436559,
    ],
    [
        3198156800,
        3187671041,
        3187671042,
        3187671043,
        3187671044,
        3187671045,
        3187671046,
        3171942407,
        3187671048,
        3187671049,
        3187671050,
        3171942411,
        3187671052,
        3171942413,
        3171942414,
        3156213775,
        3196583936,
        3188719617,
        3188719618,
        3183476739,
        3188719620,
        3183476741,
        3183476742,
        3172990983,
        3188719624,
        3183476745,
        3183476746,
        3172990987,
        3183476748,
        3172990989,
        3172990990,
        3162505231,
        3200253952,
        3189768193,
        3189768194,
        3179282435,
        3189768196,
        3179282437,
        3179282438,
        3179282439,
        3189768200,
        3179282441,
        3179282442,
        3179282443,
        3179282444,
        3179282445,
        3179282446,
        3158310927,
        3196059648,
        3196059649,
        3196059650,
        3180331011,
        3196059652,
        3180331013,
        3180331014,
        3175088135,
        3196059656,
        3180331017,
        3180331018,
        3175088139,
        3180331020,
        3175088141,
        3175088142,
        3154116623,
        3197108224,
        3191865345,
        3191865346,
        3181379587,
        3191865348,
        3181379589,
        3181379590,
        3170893831,
        3191865352,
        3181379593,
        3181379594,
        3170893835,
        3181379596,
        3170893837,
        3170893838,
        3170893839,
    ],
    [
        3200778240,
        3198156801,
        3198156802,
        3187671043,
        3198156804,
        3187671045,
        3187671046,
        3187671047,
        3198156808,
        3187671049,
        3187671050,
        3187671051,
        3187671052,
        3187671053,
        3187671054,
        3171942415,
        3204448256,
        3196583937,
        3196583938,
        3188719619,
        3196583940,
        3188719621,
        3188719622,
        3183476743,
        3196583944,
        3188719625,
        3188719626,
        3183476747,
        3188719628,
        3183476749,
        3183476750,
        3172990991,
        3200253952,
        3200253953,
        3200253954,
        3189768195,
        3200253956,
        3189768197,
        3189768198,
        3179282439,
        3200253960,
        3189768201,
        3189768202,
        3179282443,
        3189768204,
        3179282445,
        3179282446,
        3179282447,
        3201302528,
        3196059649,
        3196059650,
        3196059651,
        3196059652,
        3196059653,
        3196059654,
        3180331015,
        3196059656,
        3196059657,
        3196059658,
        3180331019,
        3196059660,
        3180331021,
        3180331022,
        3175088143,
        3202351104,
        3197108225,
        3197108226,
        3191865347,
        3197108228,
        3191865349,
        3191865350,
        3181379591,
        3197108232,
        3191865353,
        3191865354,
        3181379595,
        3191865356,
        3181379597,
        3181379598,
        3170893839,
    ],
    [
        3208642560,
        3200778241,
        3200778242,
        3198156803,
        3200778244,
        3198156805,
        3198156806,
        3187671047,
        3200778248,
        3198156809,
        3198156810,
        3187671051,
        3198156812,
        3187671053,
        3187671054,
        3187671055,
        3204448256,
        3204448257,
        3204448258,
        3196583939,
        3204448260,
        3196583941,
        3196583942,
        3188719623,
        3204448264,
        3196583945,
        3196583946,
        3188719627,
        3196583948,
        3188719629,
        3188719630,
        3183476751,
        3205496832,
        3200253953,
        3200253954,
        3200253955,
        3200253956,
        3200253957,
        3200253958,
        3189768199,
        3200253960,
        3200253961,
        3200253962,
        3189768203,
        3200253964,
        3189768205,
        3189768206,
        3179282447,
        3206545408,
        3201302529,
        3201302530,
        3196059651,
        3201302532,
        3196059653,
        3196059654,
        3196059655,
        3201302536,
        3196059657,
        3196059658,
        3196059659,
        3196059660,
        3196059661,
        3196059662,
        3180331023,
        3204972544,
        3202351105,
        3202351106,
        3197108227,
        3202351108,
        3197108229,
        3197108230,
        3191865351,
        3202351112,
        3197108233,
        3197108234,
        3191865355,
        3197108236,
        3191865357,
        3191865358,
        3181379599,
    ],
    [
        3208642560,
        3208642561,
        3208642562,
        3200778243,
        3208642564,
        3200778245,
        3200778246,
        3198156807,
        3208642568,
        3200778249,
        3200778250,
        3198156811,
        3200778252,
        3198156813,
        3198156814,
        3187671055,
        3209691136,
        3204448257,
        3204448258,
        3204448259,
        3204448260,
        3204448261,
        3204448262,
        3196583943,
        3204448264,
        3204448265,
        3204448266,
        3196583947,
        3204448268,
        3196583949,
        3196583950,
        3188719631,
        3210739712,
        3205496833,
        3205496834,
        3200253955,
        3205496836,
        3200253957,
        3200253958,
        3200253959,
        3205496840,
        3200253961,
        3200253962,
        3200253963,
        3200253964,
        3200253965,
        3200253966,
        3189768207,
        3209166848,
        3206545409,
        3206545410,
        3201302531,
        3206545412,
        3201302533,
        3201302534,
        3196059655,
        3206545416,
        3201302537,
        3201302538,
        3196059659,
        3201302540,
        3196059661,
        3196059662,
        3196059663,
        3208904704,
        3204972545,
        3204972546,
        3202351107,
        3204972548,
        3202351109,
        3202351110,
        3197108231,
        3204972552,
        3202351113,
        3202351114,
        3197108235,
        3202351116,
        3197108237,
        3197108238,
        3191865359,
    ],
    [
        3211264000,
        3208642561,
        3208642562,
        3208642563,
        3208642564,
        3208642565,
        3208642566,
        3200778247,
        3208642568,
        3208642569,
        3208642570,
        3200778251,
        3208642572,
        3200778253,
        3200778254,
        3198156815,
        3211001856,
        3209691137,
        3209691138,
        3204448259,
        3209691140,
        3204448261,
        3204448262,
        3204448263,
        3209691144,
        3204448265,
        3204448266,
        3204448267,
        3204448268,
        3204448269,
        3204448270,
        3196583951,
        3210739712,
        3210739713,
        3210739714,
        3205496835,
        3210739716,
        3205496837,
        3205496838,
        3200253959,
        3210739720,
        3205496841,
        3205496842,
        3200253963,
        3205496844,
        3200253965,
        3200253966,
        3200253967,
        3211788288,
        3209166849,
        3209166850,
        3206545411,
        3209166852,
        3206545413,
        3206545414,
        3201302535,
        3209166856,
        3206545417,
        3206545418,
        3201302539,
        3206545420,
        3201302541,
        3201302542,
        3196059663,
        3212836864,
        3208904705,
        3208904706,
        3204972547,
        3208904708,
        3204972549,
        3204972550,
        3202351111,
        3208904712,
        3204972553,
        3204972554,
        3202351115,
        3204972556,
        3202351117,
        3202351118,
        3197108239,
    ],
    [
        3213885440,
        3211264001,
        3211264002,
        3208642563,
        3211264004,
        3208642565,
        3208642566,
        3208642567,
        3211264008,
        3208642569,
        3208642570,
        3208642571,
        3208642572,
        3208642573,
        3208642574,
        3200778255,
        3214934016,
        3211001857,
        3211001858,
        3209691139,
        3211001860,
        3209691141,
        3209691142,
        3204448263,
        3211001864,
        3209691145,
        3209691146,
        3204448267,
        3209691148,
        3204448269,
        3204448270,
        3204448271,
        3213361152,
        3210739713,
        3210739714,
        3210739715,
        3210739716,
        3210739717,
        3210739718,
        3205496839,
        3210739720,
        3210739721,
        3210739722,
        3205496843,
        3210739724,
        3205496845,
        3205496846,
        3200253967,
        3213099008,
        3211788289,
        3211788290,
        3209166851,
        3211788292,
        3209166853,
        3209166854,
        3206545415,
        3211788296,
        3209166857,
        3209166858,
        3206545419,
        3209166860,
        3206545421,
        3206545422,
        3201302543,
        3212836864,
        3212836865,
        3212836866,
        3208904707,
        3212836868,
        3208904709,
        3208904710,
        3204972551,
        3212836872,
        3208904713,
        3208904714,
        3204972555,
        3208904716,
        3204972557,
        3204972558,
        3202351119,
    ],
    [
        3215196160,
        3213885441,
        3213885442,
        3211264003,
        3213885444,
        3211264005,
        3211264006,
        3208642567,
        3213885448,
        3211264009,
        3211264010,
        3208642571,
        3211264012,
        3208642573,
        3208642574,
        3208642575,
        3214934016,
        3214934017,
        3214934018,
        3211001859,
        3214934020,
        3211001861,
        3211001862,
        3209691143,
        3214934024,
        3211001865,
        3211001866,
        3209691147,
        3211001868,
        3209691149,
        3209691150,
        3204448271,
        3215982592,
        3213361153,
        3213361154,
        3210739715,
        3213361156,
        3210739717,
        3210739718,
        3210739719,
        3213361160,
        3210739721,
        3210739722,
        3210739723,
        3210739724,
        3210739725,
        3210739726,
        3205496847,
        3215065088,
        3213099009,
        3213099010,
        3211788291,
        3213099012,
        3211788293,
        3211788294,
        3209166855,
        3213099016,
        3211788297,
        3211788298,
        3209166859,
        3211788300,
        3209166861,
        3209166862,
        3206545423,
        3215458304,
        3212836865,
        3212836866,
        3212836867,
        3212836868,
        3212836869,
        3212836870,
        3208904711,
        3212836872,
        3212836873,
        3212836874,
        3208904715,
        3212836876,
        3208904717,
        3208904718,
        3204972559,
    ],
    [
        3216506880,
        3215196161,
        3215196162,
        3213885443,
        3215196164,
        3213885445,
        3213885446,
        3211264007,
        3215196168,
        3213885449,
        3213885450,
        3211264011,
        3213885452,
        3211264013,
        3211264014,
        3208642575,
        3216244736,
        3214934017,
        3214934018,
        3214934019,
        3214934020,
        3214934021,
        3214934022,
        3211001863,
        3214934024,
        3214934025,
        3214934026,
        3211001867,
        3214934028,
        3211001869,
        3211001870,
        3209691151,
        3215982592,
        3215982593,
        3215982594,
        3213361155,
        3215982596,
        3213361157,
        3213361158,
        3210739719,
        3215982600,
        3213361161,
        3213361162,
        3210739723,
        3213361164,
        3210739725,
        3210739726,
        3210739727,
        3217031168,
        3215065089,
        3215065090,
        3213099011,
        3215065092,
        3213099013,
        3213099014,
        3211788295,
        3215065096,
        3213099017,
        3213099018,
        3211788299,
        3213099020,
        3211788301,
        3211788302,
        3209166863,
        3216113664,
        3215458305,
        3215458306,
        3212836867,
        3215458308,
        3212836869,
        3212836870,
        3212836871,
        3215458312,
        3212836873,
        3212836874,
        3212836875,
        3212836876,
        3212836877,
        3212836878,
        3208904719,
    ],
    [
        3217162240,
        3216506881,
        3216506882,
        3215196163,
        3216506884,
        3215196165,
        3215196166,
        3213885447,
        3216506888,
        3215196169,
        3215196170,
        3213885451,
        3215196172,
        3213885453,
        3213885454,
        3211264015,
        3217555456,
        3216244737,
        3216244738,
        3214934019,
        3216244740,
        3214934021,
        3214934022,
        3214934023,
        3216244744,
        3214934025,
        3214934026,
        3214934027,
        3214934028,
        3214934029,
        3214934030,
        3211001871,
        3217293312,
        3215982593,
        3215982594,
        3215982595,
        3215982596,
        3215982597,
        3215982598,
        3213361159,
        3215982600,
        3215982601,
        3215982602,
        3213361163,
        3215982604,
        3213361165,
        3213361166,
        3210739727,
        3217031168,
        3217031169,
        3217031170,
        3215065091,
        3217031172,
        3215065093,
        3215065094,
        3213099015,
        3217031176,
        3215065097,
        3215065098,
        3213099019,
        3215065100,
        3213099021,
        3213099022,
        3211788303,
        3218079744,
        3216113665,
        3216113666,
        3215458307,
        3216113668,
        3215458309,
        3215458310,
        3212836871,
        3216113672,
        3215458313,
        3215458314,
        3212836875,
        3215458316,
        3212836877,
        3212836878,
        3212836879,
    ],
    [
        3218145280,
        3217162241,
        3217162242,
        3216506883,
        3217162244,
        3216506885,
        3216506886,
        3215196167,
        3217162248,
        3216506889,
        3216506890,
        3215196171,
        3216506892,
        3215196173,
        3215196174,
        3213885455,
        3218210816,
        3217555457,
        3217555458,
        3216244739,
        3217555460,
        3216244741,
        3216244742,
        3214934023,
        3217555464,
        3216244745,
        3216244746,
        3214934027,
        3216244748,
        3214934029,
        3214934030,
        3214934031,
        3218604032,
        3217293313,
        3217293314,
        3215982595,
        3217293316,
        3215982597,
        3215982598,
        3215982599,
        3217293320,
        3215982601,
        3215982602,
        3215982603,
        3215982604,
        3215982605,
        3215982606,
        3213361167,
        3218341888,
        3217031169,
        3217031170,
        3217031171,
        3217031172,
        3217031173,
        3217031174,
        3215065095,
        3217031176,
        3217031177,
        3217031178,
        3215065099,
        3217031180,
        3215065101,
        3215065102,
        3213099023,
        3218079744,
        3218079745,
        3218079746,
        3216113667,
        3218079748,
        3216113669,
        3216113670,
        3215458311,
        3218079752,
        3216113673,
        3216113674,
        3215458315,
        3216113676,
        3215458317,
        3215458318,
        3212836879,
    ],
    [
        3219128320,
        3218145281,
        3218145282,
        3217162243,
        3218145284,
        3217162245,
        3217162246,
        3216506887,
        3218145288,
        3217162249,
        3217162250,
        3216506891,
        3217162252,
        3216506893,
        3216506894,
        3215196175,
        3218866176,
        3218210817,
        3218210818,
        3217555459,
        3218210820,
        3217555461,
        3217555462,
        3216244743,
        3218210824,
        3217555465,
        3217555466,
        3216244747,
        3217555468,
        3216244749,
        3216244750,
        3214934031,
        3218604032,
        3218604033,
        3218604034,
        3217293315,
        3218604036,
        3217293317,
        3217293318,
        3215982599,
        3218604040,
        3217293321,
        3217293322,
        3215982603,
        3217293324,
        3215982605,
        3215982606,
        3215982607,
        3218669568,
        3218341889,
        3218341890,
        3217031171,
        3218341892,
        3217031173,
        3217031174,
        3217031175,
        3218341896,
        3217031177,
        3217031178,
        3217031179,
        3217031180,
        3217031181,
        3217031182,
        3215065103,
        3218735104,
        3218079745,
        3218079746,
        3218079747,
        3218079748,
        3218079749,
        3218079750,
        3216113671,
        3218079752,
        3218079753,
        3218079754,
        3216113675,
        3218079756,
        3216113677,
        3216113678,
        3215458319,
    ],
    [
        3219128320,
        3219128321,
        3219128322,
        3218145283,
        3219128324,
        3218145285,
        3218145286,
        3217162247,
        3219128328,
        3218145289,
        3218145290,
        3217162251,
        3218145292,
        3217162253,
        3217162254,
        3216506895,
        3219193856,
        3218866177,
        3218866178,
        3218210819,
        3218866180,
        3218210821,
        3218210822,
        3217555463,
        3218866184,
        3218210825,
        3218210826,
        3217555467,
        3218210828,
        3217555469,
        3217555470,
        3216244751,
        3219259392,
        3218604033,
        3218604034,
        3218604035,
        3218604036,
        3218604037,
        3218604038,
        3217293319,
        3218604040,
        3218604041,
        3218604042,
        3217293323,
        3218604044,
        3217293325,
        3217293326,
        3215982607,
        3219652608,
        3218669569,
        3218669570,
        3218341891,
        3218669572,
        3218341893,
        3218341894,
        3217031175,
        3218669576,
        3218341897,
        3218341898,
        3217031179,
        3218341900,
        3217031181,
        3217031182,
        3217031183,
        3219390464,
        3218735105,
        3218735106,
        3218079747,
        3218735108,
        3218079749,
        3218079750,
        3218079751,
        3218735112,
        3218079753,
        3218079754,
        3218079755,
        3218079756,
        3218079757,
        3218079758,
        3216113679,
    ],
    [
        3219783680,
        3219128321,
        3219128322,
        3219128323,
        3219128324,
        3219128325,
        3219128326,
        3218145287,
        3219128328,
        3219128329,
        3219128330,
        3218145291,
        3219128332,
        3218145293,
        3218145294,
        3217162255,
        3219685376,
        3219193857,
        3219193858,
        3218866179,
        3219193860,
        3218866181,
        3218866182,
        3218210823,
        3219193864,
        3218866185,
        3218866186,
        3218210827,
        3218866188,
        3218210829,
        3218210830,
        3217555471,
        3219914752,
        3219259393,
        3219259394,
        3218604035,
        3219259396,
        3218604037,
        3218604038,
        3218604039,
        3219259400,
        3218604041,
        3218604042,
        3218604043,
        3218604044,
        3218604045,
        3218604046,
        3217293327,
        3219652608,
        3219652609,
        3219652610,
        3218669571,
        3219652612,
        3218669573,
        3218669574,
        3218341895,
        3219652616,
        3218669577,
        3218669578,
        3218341899,
        3218669580,
        3218341901,
        3218341902,
        3217031183,
        3219718144,
        3219390465,
        3219390466,
        3218735107,
        3219390468,
        3218735109,
        3218735110,
        3218079751,
        3219390472,
        3218735113,
        3218735114,
        3218079755,
        3218735116,
        3218079757,
        3218079758,
        3218079759,
    ],
    [
        3219947520,
        3219783681,
        3219783682,
        3219128323,
        3219783684,
        3219128325,
        3219128326,
        3219128327,
        3219783688,
        3219128329,
        3219128330,
        3219128331,
        3219128332,
        3219128333,
        3219128334,
        3218145295,
        3220176896,
        3219685377,
        3219685378,
        3219193859,
        3219685380,
        3219193861,
        3219193862,
        3218866183,
        3219685384,
        3219193865,
        3219193866,
        3218866187,
        3219193868,
        3218866189,
        3218866190,
        3218210831,
        3219914752,
        3219914753,
        3219914754,
        3219259395,
        3219914756,
        3219259397,
        3219259398,
        3218604039,
        3219914760,
        3219259401,
        3219259402,
        3218604043,
        3219259404,
        3218604045,
        3218604046,
        3218604047,
        3219980288,
        3219652609,
        3219652610,
        3219652611,
        3219652612,
        3219652613,
        3219652614,
        3218669575,
        3219652616,
        3219652617,
        3219652618,
        3218669579,
        3219652620,
        3218669581,
        3218669582,
        3218341903,
        3220045824,
        3219718145,
        3219718146,
        3219390467,
        3219718148,
        3219390469,
        3219390470,
        3218735111,
        3219718152,
        3219390473,
        3219390474,
        3218735115,
        3219390476,
        3218735117,
        3218735118,
        3218079759,
    ],
    [
        3220439040,
        3219947521,
        3219947522,
        3219783683,
        3219947524,
        3219783685,
        3219783686,
        3219128327,
        3219947528,
        3219783689,
        3219783690,
        3219128331,
        3219783692,
        3219128333,
        3219128334,
        3219128335,
        3220176896,
        3220176897,
        3220176898,
        3219685379,
        3220176900,
        3219685381,
        3219685382,
        3219193863,
        3220176904,
        3219685385,
        3219685386,
        3219193867,
        3219685388,
        3219193869,
        3219193870,
        3218866191,
        3220242432,
        3219914753,
        3219914754,
        3219914755,
        3219914756,
        3219914757,
        3219914758,
        3219259399,
        3219914760,
        3219914761,
        3219914762,
        3219259403,
        3219914764,
        3219259405,
        3219259406,
        3218604047,
        3220307968,
        3219980289,
        3219980290,
        3219652611,
        3219980292,
        3219652613,
        3219652614,
        3219652615,
        3219980296,
        3219652617,
        3219652618,
        3219652619,
        3219652620,
        3219652621,
        3219652622,
        3218669583,
        3220209664,
        3220045825,
        3220045826,
        3219718147,
        3220045828,
        3219718149,
        3219718150,
        3219390471,
        3220045832,
        3219718153,
        3219718154,
        3219390475,
        3219718156,
        3219390477,
        3219390478,
        3218735119,
    ],
    [
        3220439040,
        3220439041,
        3220439042,
        3219947523,
        3220439044,
        3219947525,
        3219947526,
        3219783687,
        3220439048,
        3219947529,
        3219947530,
        3219783691,
        3219947532,
        3219783693,
        3219783694,
        3219128335,
        3220504576,
        3220176897,
        3220176898,
        3220176899,
        3220176900,
        3220176901,
        3220176902,
        3219685383,
        3220176904,
        3220176905,
        3220176906,
        3219685387,
        3220176908,
        3219685389,
        3219685390,
        3219193871,
        3220570112,
        3220242433,
        3220242434,
        3219914755,
        3220242436,
        3219914757,
        3219914758,
        3219914759,
        3220242440,
        3219914761,
        3219914762,
        3219914763,
        3219914764,
        3219914765,
        3219914766,
        3219259407,
        3220471808,
        3220307969,
        3220307970,
        3219980291,
        3220307972,
        3219980293,
        3219980294,
        3219652615,
        3220307976,
        3219980297,
        3219980298,
        3219652619,
        3219980300,
        3219652621,
        3219652622,
        3219652623,
        3220455424,
        3220209665,
        3220209666,
        3220045827,
        3220209668,
        3220045829,
        3220045830,
        3219718151,
        3220209672,
        3220045833,
        3220045834,
        3219718155,
        3220045836,
        3219718157,
        3219718158,
        3219390479,
    ],
    [
        3220602880,
        3220439041,
        3220439042,
        3220439043,
        3220439044,
        3220439045,
        3220439046,
        3219947527,
        3220439048,
        3220439049,
        3220439050,
        3219947531,
        3220439052,
        3219947533,
        3219947534,
        3219783695,
        3220586496,
        3220504577,
        3220504578,
        3220176899,
        3220504580,
        3220176901,
        3220176902,
        3220176903,
        3220504584,
        3220176905,
        3220176906,
        3220176907,
        3220176908,
        3220176909,
        3220176910,
        3219685391,
        3220570112,
        3220570113,
        3220570114,
        3220242435,
        3220570116,
        3220242437,
        3220242438,
        3219914759,
        3220570120,
        3220242441,
        3220242442,
        3219914763,
        3220242444,
        3219914765,
        3219914766,
        3219914767,
        3220635648,
        3220471809,
        3220471810,
        3220307971,
        3220471812,
        3220307973,
        3220307974,
        3219980295,
        3220471816,
        3220307977,
        3220307978,
        3219980299,
        3220307980,
        3219980301,
        3219980302,
        3219652623,
        3220701184,
        3220455425,
        3220455426,
        3220209667,
        3220455428,
        3220209669,
        3220209670,
        3220045831,
        3220455432,
        3220209673,
        3220209674,
        3220045835,
        3220209676,
        3220045837,
        3220045838,
        3219718159,
    ],
    [
        3220766720,
        3220602881,
        3220602882,
        3220439043,
        3220602884,
        3220439045,
        3220439046,
        3220439047,
        3220602888,
        3220439049,
        3220439050,
        3220439051,
        3220439052,
        3220439053,
        3220439054,
        3219947535,
        3220832256,
        3220586497,
        3220586498,
        3220504579,
        3220586500,
        3220504581,
        3220504582,
        3220176903,
        3220586504,
        3220504585,
        3220504586,
        3220176907,
        3220504588,
        3220176909,
        3220176910,
        3220176911,
        3220733952,
        3220570113,
        3220570114,
        3220570115,
        3220570116,
        3220570117,
        3220570118,
        3220242439,
        3220570120,
        3220570121,
        3220570122,
        3220242443,
        3220570124,
        3220242445,
        3220242446,
        3219914767,
        3220717568,
        3220635649,
        3220635650,
        3220471811,
        3220635652,
        3220471813,
        3220471814,
        3220307975,
        3220635656,
        3220471817,
        3220471818,
        3220307979,
        3220471820,
        3220307981,
        3220307982,
        3219980303,
        3220701184,
        3220701185,
        3220701186,
        3220455427,
        3220701188,
        3220455429,
        3220455430,
        3220209671,
        3220701192,
        3220455433,
        3220455434,
        3220209675,
        3220455436,
        3220209677,
        3220209678,
        3220045839,
    ],
    [
        3220848640,
        3220766721,
        3220766722,
        3220602883,
        3220766724,
        3220602885,
        3220602886,
        3220439047,
        3220766728,
        3220602889,
        3220602890,
        3220439051,
        3220602892,
        3220439053,
        3220439054,
        3220439055,
        3220832256,
        3220832257,
        3220832258,
        3220586499,
        3220832260,
        3220586501,
        3220586502,
        3220504583,
        3220832264,
        3220586505,
        3220586506,
        3220504587,
        3220586508,
        3220504589,
        3220504590,
        3220176911,
        3220897792,
        3220733953,
        3220733954,
        3220570115,
        3220733956,
        3220570117,
        3220570118,
        3220570119,
        3220733960,
        3220570121,
        3220570122,
        3220570123,
        3220570124,
        3220570125,
        3220570126,
        3220242447,
        3220840448,
        3220717569,
        3220717570,
        3220635651,
        3220717572,
        3220635653,
        3220635654,
        3220471815,
        3220717576,
        3220635657,
        3220635658,
        3220471819,
        3220635660,
        3220471821,
        3220471822,
        3220307983,
        3220865024,
        3220701185,
        3220701186,
        3220701187,
        3220701188,
        3220701189,
        3220701190,
        3220455431,
        3220701192,
        3220701193,
        3220701194,
        3220455435,
        3220701196,
        3220455437,
        3220455438,
        3220209679,
    ],
    [
        3220930560,
        3220848641,
        3220848642,
        3220766723,
        3220848644,
        3220766725,
        3220766726,
        3220602887,
        3220848648,
        3220766729,
        3220766730,
        3220602891,
        3220766732,
        3220602893,
        3220602894,
        3220439055,
        3220914176,
        3220832257,
        3220832258,
        3220832259,
        3220832260,
        3220832261,
        3220832262,
        3220586503,
        3220832264,
        3220832265,
        3220832266,
        3220586507,
        3220832268,
        3220586509,
        3220586510,
        3220504591,
        3220897792,
        3220897793,
        3220897794,
        3220733955,
        3220897796,
        3220733957,
        3220733958,
        3220570119,
        3220897800,
        3220733961,
        3220733962,
        3220570123,
        3220733964,
        3220570125,
        3220570126,
        3220570127,
        3220963328,
        3220840449,
        3220840450,
        3220717571,
        3220840452,
        3220717573,
        3220717574,
        3220635655,
        3220840456,
        3220717577,
        3220717578,
        3220635659,
        3220717580,
        3220635661,
        3220635662,
        3220471823,
        3220905984,
        3220865025,
        3220865026,
        3220701187,
        3220865028,
        3220701189,
        3220701190,
        3220701191,
        3220865032,
        3220701193,
        3220701194,
        3220701195,
        3220701196,
        3220701197,
        3220701198,
        3220455439,
    ],
    [
        3220971520,
        3220930561,
        3220930562,
        3220848643,
        3220930564,
        3220848645,
        3220848646,
        3220766727,
        3220930568,
        3220848649,
        3220848650,
        3220766731,
        3220848652,
        3220766733,
        3220766734,
        3220602895,
        3220996096,
        3220914177,
        3220914178,
        3220832259,
        3220914180,
        3220832261,
        3220832262,
        3220832263,
        3220914184,
        3220832265,
        3220832266,
        3220832267,
        3220832268,
        3220832269,
        3220832270,
        3220586511,
        3220979712,
        3220897793,
        3220897794,
        3220897795,
        3220897796,
        3220897797,
        3220897798,
        3220733959,
        3220897800,
        3220897801,
        3220897802,
        3220733963,
        3220897804,
        3220733965,
        3220733966,
        3220570127,
        3220963328,
        3220963329,
        3220963330,
        3220840451,
        3220963332,
        3220840453,
        3220840454,
        3220717575,
        3220963336,
        3220840457,
        3220840458,
        3220717579,
        3220840460,
        3220717581,
        3220717582,
        3220635663,
        3221028864,
        3220905985,
        3220905986,
        3220865027,
        3220905988,
        3220865029,
        3220865030,
        3220701191,
        3220905992,
        3220865033,
        3220865034,
        3220701195,
        3220865036,
        3220701197,
        3220701198,
        3220701199,
    ],
    [
        3221032960,
        3220971521,
        3220971522,
        3220930563,
        3220971524,
        3220930565,
        3220930566,
        3220848647,
        3220971528,
        3220930569,
        3220930570,
        3220848651,
        3220930572,
        3220848653,
        3220848654,
        3220766735,
        3221037056,
        3220996097,
        3220996098,
        3220914179,
        3220996100,
        3220914181,
        3220914182,
        3220832263,
        3220996104,
        3220914185,
        3220914186,
        3220832267,
        3220914188,
        3220832269,
        3220832270,
        3220832271,
        3221061632,
        3220979713,
        3220979714,
        3220897795,
        3220979716,
        3220897797,
        3220897798,
        3220897799,
        3220979720,
        3220897801,
        3220897802,
        3220897803,
        3220897804,
        3220897805,
        3220897806,
        3220733967,
        3221045248,
        3220963329,
        3220963330,
        3220963331,
        3220963332,
        3220963333,
        3220963334,
        3220840455,
        3220963336,
        3220963337,
        3220963338,
        3220840459,
        3220963340,
        3220840461,
        3220840462,
        3220717583,
        3221028864,
        3221028865,
        3221028866,
        3220905987,
        3221028868,
        3220905989,
        3220905990,
        3220865031,
        3221028872,
        3220905993,
        3220905994,
        3220865035,
        3220905996,
        3220865037,
        3220865038,
        3220701199,
    ],
    [
        3221094400,
        3221032961,
        3221032962,
        3220971523,
        3221032964,
        3220971525,
        3220971526,
        3220930567,
        3221032968,
        3220971529,
        3220971530,
        3220930571,
        3220971532,
        3220930573,
        3220930574,
        3220848655,
        3221078016,
        3221037057,
        3221037058,
        3220996099,
        3221037060,
        3220996101,
        3220996102,
        3220914183,
        3221037064,
        3220996105,
        3220996106,
        3220914187,
        3220996108,
        3220914189,
        3220914190,
        3220832271,
        3221061632,
        3221061633,
        3221061634,
        3220979715,
        3221061636,
        3220979717,
        3220979718,
        3220897799,
        3221061640,
        3220979721,
        3220979722,
        3220897803,
        3220979724,
        3220897805,
        3220897806,
        3220897807,
        3221065728,
        3221045249,
        3221045250,
        3220963331,
        3221045252,
        3220963333,
        3220963334,
        3220963335,
        3221045256,
        3220963337,
        3220963338,
        3220963339,
        3220963340,
        3220963341,
        3220963342,
        3220840463,
        3221069824,
        3221028865,
        3221028866,
        3221028867,
        3221028868,
        3221028869,
        3221028870,
        3220905991,
        3221028872,
        3221028873,
        3221028874,
        3220905995,
        3221028876,
        3220905997,
        3220905998,
        3220865039,
    ],
    [
        3221094400,
        3221094401,
        3221094402,
        3221032963,
        3221094404,
        3221032965,
        3221032966,
        3220971527,
        3221094408,
        3221032969,
        3221032970,
        3220971531,
        3221032972,
        3220971533,
        3220971534,
        3220930575,
        3221098496,
        3221078017,
        3221078018,
        3221037059,
        3221078020,
        3221037061,
        3221037062,
        3220996103,
        3221078024,
        3221037065,
        3221037066,
        3220996107,
        3221037068,
        3220996109,
        3220996110,
        3220914191,
        3221102592,
        3221061633,
        3221061634,
        3221061635,
        3221061636,
        3221061637,
        3221061638,
        3220979719,
        3221061640,
        3221061641,
        3221061642,
        3220979723,
        3221061644,
        3220979725,
        3220979726,
        3220897807,
        3221127168,
        3221065729,
        3221065730,
        3221045251,
        3221065732,
        3221045253,
        3221045254,
        3220963335,
        3221065736,
        3221045257,
        3221045258,
        3220963339,
        3221045260,
        3220963341,
        3220963342,
        3220963343,
        3221110784,
        3221069825,
        3221069826,
        3221028867,
        3221069828,
        3221028869,
        3221028870,
        3221028871,
        3221069832,
        3221028873,
        3221028874,
        3221028875,
        3221028876,
        3221028877,
        3221028878,
        3220905999,
    ],
    [
        3221135360,
        3221094401,
        3221094402,
        3221094403,
        3221094404,
        3221094405,
        3221094406,
        3221032967,
        3221094408,
        3221094409,
        3221094410,
        3221032971,
        3221094412,
        3221032973,
        3221032974,
        3220971535,
        3221129216,
        3221098497,
        3221098498,
        3221078019,
        3221098500,
        3221078021,
        3221078022,
        3221037063,
        3221098504,
        3221078025,
        3221078026,
        3221037067,
        3221078028,
        3221037069,
        3221037070,
        3220996111,
        3221143552,
        3221102593,
        3221102594,
        3221061635,
        3221102596,
        3221061637,
        3221061638,
        3221061639,
        3221102600,
        3221061641,
        3221061642,
        3221061643,
        3221061644,
        3221061645,
        3221061646,
        3220979727,
        3221127168,
        3221127169,
        3221127170,
        3221065731,
        3221127172,
        3221065733,
        3221065734,
        3221045255,
        3221127176,
        3221065737,
        3221065738,
        3221045259,
        3221065740,
        3221045261,
        3221045262,
        3220963343,
        3221131264,
        3221110785,
        3221110786,
        3221069827,
        3221110788,
        3221069829,
        3221069830,
        3221028871,
        3221110792,
        3221069833,
        3221069834,
        3221028875,
        3221069836,
        3221028877,
        3221028878,
        3221028879,
    ],
    [
        3221145600,
        3221135361,
        3221135362,
        3221094403,
        3221135364,
        3221094405,
        3221094406,
        3221094407,
        3221135368,
        3221094409,
        3221094410,
        3221094411,
        3221094412,
        3221094413,
        3221094414,
        3221032975,
        3221159936,
        3221129217,
        3221129218,
        3221098499,
        3221129220,
        3221098501,
        3221098502,
        3221078023,
        3221129224,
        3221098505,
        3221098506,
        3221078027,
        3221098508,
        3221078029,
        3221078030,
        3221037071,
        3221143552,
        3221143553,
        3221143554,
        3221102595,
        3221143556,
        3221102597,
        3221102598,
        3221061639,
        3221143560,
        3221102601,
        3221102602,
        3221061643,
        3221102604,
        3221061645,
        3221061646,
        3221061647,
        3221147648,
        3221127169,
        3221127170,
        3221127171,
        3221127172,
        3221127173,
        3221127174,
        3221065735,
        3221127176,
        3221127177,
        3221127178,
        3221065739,
        3221127180,
        3221065741,
        3221065742,
        3221045263,
        3221151744,
        3221131265,
        3221131266,
        3221110787,
        3221131268,
        3221110789,
        3221110790,
        3221069831,
        3221131272,
        3221110793,
        3221110794,
        3221069835,
        3221110796,
        3221069837,
        3221069838,
        3221028879,
    ],
    [
        3221176320,
        3221145601,
        3221145602,
        3221135363,
        3221145604,
        3221135365,
        3221135366,
        3221094407,
        3221145608,
        3221135369,
        3221135370,
        3221094411,
        3221135372,
        3221094413,
        3221094414,
        3221094415,
        3221159936,
        3221159937,
        3221159938,
        3221129219,
        3221159940,
        3221129221,
        3221129222,
        3221098503,
        3221159944,
        3221129225,
        3221129226,
        3221098507,
        3221129228,
        3221098509,
        3221098510,
        3221078031,
        3221164032,
        3221143553,
        3221143554,
        3221143555,
        3221143556,
        3221143557,
        3221143558,
        3221102599,
        3221143560,
        3221143561,
        3221143562,
        3221102603,
        3221143564,
        3221102605,
        3221102606,
        3221061647,
        3221168128,
        3221147649,
        3221147650,
        3221127171,
        3221147652,
        3221127173,
        3221127174,
        3221127175,
        3221147656,
        3221127177,
        3221127178,
        3221127179,
        3221127180,
        3221127181,
        3221127182,
        3221065743,
        3221161984,
        3221151745,
        3221151746,
        3221131267,
        3221151748,
        3221131269,
        3221131270,
        3221110791,
        3221151752,
        3221131273,
        3221131274,
        3221110795,
        3221131276,
        3221110797,
        3221110798,
        3221069839,
    ],
    [
        3221176320,
        3221176321,
        3221176322,
        3221145603,
        3221176324,
        3221145605,
        3221145606,
        3221135367,
        3221176328,
        3221145609,
        3221145610,
        3221135371,
        3221145612,
        3221135373,
        3221135374,
        3221094415,
        3221180416,
        3221159937,
        3221159938,
        3221159939,
        3221159940,
        3221159941,
        3221159942,
        3221129223,
        3221159944,
        3221159945,
        3221159946,
        3221129227,
        3221159948,
        3221129229,
        3221129230,
        3221098511,
        3221184512,
        3221164033,
        3221164034,
        3221143555,
        3221164036,
        3221143557,
        3221143558,
        3221143559,
        3221164040,
        3221143561,
        3221143562,
        3221143563,
        3221143564,
        3221143565,
        3221143566,
        3221102607,
        3221178368,
        3221168129,
        3221168130,
        3221147651,
        3221168132,
        3221147653,
        3221147654,
        3221127175,
        3221168136,
        3221147657,
        3221147658,
        3221127179,
        3221147660,
        3221127181,
        3221127182,
        3221127183,
        3221177344,
        3221161985,
        3221161986,
        3221151747,
        3221161988,
        3221151749,
        3221151750,
        3221131271,
        3221161992,
        3221151753,
        3221151754,
        3221131275,
        3221151756,
        3221131277,
        3221131278,
        3221110799,
    ],
    [
        3221186560,
        3221176321,
        3221176322,
        3221176323,
        3221176324,
        3221176325,
        3221176326,
        3221145607,
        3221176328,
        3221176329,
        3221176330,
        3221145611,
        3221176332,
        3221145613,
        3221145614,
        3221135375,
        3221185536,
        3221180417,
        3221180418,
        3221159939,
        3221180420,
        3221159941,
        3221159942,
        3221159943,
        3221180424,
        3221159945,
        3221159946,
        3221159947,
        3221159948,
        3221159949,
        3221159950,
        3221129231,
        3221184512,
        3221184513,
        3221184514,
        3221164035,
        3221184516,
        3221164037,
        3221164038,
        3221143559,
        3221184520,
        3221164041,
        3221164042,
        3221143563,
        3221164044,
        3221143565,
        3221143566,
        3221143567,
        3221188608,
        3221178369,
        3221178370,
        3221168131,
        3221178372,
        3221168133,
        3221168134,
        3221147655,
        3221178376,
        3221168137,
        3221168138,
        3221147659,
        3221168140,
        3221147661,
        3221147662,
        3221127183,
        3221192704,
        3221177345,
        3221177346,
        3221161987,
        3221177348,
        3221161989,
        3221161990,
        3221151751,
        3221177352,
        3221161993,
        3221161994,
        3221151755,
        3221161996,
        3221151757,
        3221151758,
        3221131279,
    ],
    [
        3221196800,
        3221186561,
        3221186562,
        3221176323,
        3221186564,
        3221176325,
        3221176326,
        3221176327,
        3221186568,
        3221176329,
        3221176330,
        3221176331,
        3221176332,
        3221176333,
        3221176334,
        3221145615,
        3221200896,
        3221185537,
        3221185538,
        3221180419,
        3221185540,
        3221180421,
        3221180422,
        3221159943,
        3221185544,
        3221180425,
        3221180426,
        3221159947,
        3221180428,
        3221159949,
        3221159950,
        3221159951,
        3221194752,
        3221184513,
        3221184514,
        3221184515,
        3221184516,
        3221184517,
        3221184518,
        3221164039,
        3221184520,
        3221184521,
        3221184522,
        3221164043,
        3221184524,
        3221164045,
        3221164046,
        3221143567,
        3221193728,
        3221188609,
        3221188610,
        3221178371,
        3221188612,
        3221178373,
        3221178374,
        3221168135,
        3221188616,
        3221178377,
        3221178378,
        3221168139,
        3221178380,
        3221168141,
        3221168142,
        3221147663,
        3221192704,
        3221192705,
        3221192706,
        3221177347,
        3221192708,
        3221177349,
        3221177350,
        3221161991,
        3221192712,
        3221177353,
        3221177354,
        3221161995,
        3221177356,
        3221161997,
        3221161998,
        3221151759,
    ],
    [
        3221201920,
        3221196801,
        3221196802,
        3221186563,
        3221196804,
        3221186565,
        3221186566,
        3221176327,
        3221196808,
        3221186569,
        3221186570,
        3221176331,
        3221186572,
        3221176333,
        3221176334,
        3221176335,
        3221200896,
        3221200897,
        3221200898,
        3221185539,
        3221200900,
        3221185541,
        3221185542,
        3221180423,
        3221200904,
        3221185545,
        3221185546,
        3221180427,
        3221185548,
        3221180429,
        3221180430,
        3221159951,
        3221204992,
        3221194753,
        3221194754,
        3221184515,
        3221194756,
        3221184517,
        3221184518,
        3221184519,
        3221194760,
        3221184521,
        3221184522,
        3221184523,
        3221184524,
        3221184525,
        3221184526,
        3221164047,
        3221201408,
        3221193729,
        3221193730,
        3221188611,
        3221193732,
        3221188613,
        3221188614,
        3221178375,
        3221193736,
        3221188617,
        3221188618,
        3221178379,
        3221188620,
        3221178381,
        3221178382,
        3221168143,
        3221202944,
        3221192705,
        3221192706,
        3221192707,
        3221192708,
        3221192709,
        3221192710,
        3221177351,
        3221192712,
        3221192713,
        3221192714,
        3221177355,
        3221192716,
        3221177357,
        3221177358,
        3221161999,
    ],
    [
        3221207040,
        3221201921,
        3221201922,
        3221196803,
        3221201924,
        3221196805,
        3221196806,
        3221186567,
        3221201928,
        3221196809,
        3221196810,
        3221186571,
        3221196812,
        3221186573,
        3221186574,
        3221176335,
        3221206016,
        3221200897,
        3221200898,
        3221200899,
        3221200900,
        3221200901,
        3221200902,
        3221185543,
        3221200904,
        3221200905,
        3221200906,
        3221185547,
        3221200908,
        3221185549,
        3221185550,
        3221180431,
        3221204992,
        3221204993,
        3221204994,
        3221194755,
        3221204996,
        3221194757,
        3221194758,
        3221184519,
        3221205000,
        3221194761,
        3221194762,
        3221184523,
        3221194764,
        3221184525,
        3221184526,
        3221184527,
        3221209088,
        3221201409,
        3221201410,
        3221193731,
        3221201412,
        3221193733,
        3221193734,
        3221188615,
        3221201416,
        3221193737,
        3221193738,
        3221188619,
        3221193740,
        3221188621,
        3221188622,
        3221178383,
        3221205504,
        3221202945,
        3221202946,
        3221192707,
        3221202948,
        3221192709,
        3221192710,
        3221192711,
        3221202952,
        3221192713,
        3221192714,
        3221192715,
        3221192716,
        3221192717,
        3221192718,
        3221177359,
    ],
    [
        3221209600,
        3221207041,
        3221207042,
        3221201923,
        3221207044,
        3221201925,
        3221201926,
        3221196807,
        3221207048,
        3221201929,
        3221201930,
        3221196811,
        3221201932,
        3221196813,
        3221196814,
        3221186575,
        3221211136,
        3221206017,
        3221206018,
        3221200899,
        3221206020,
        3221200901,
        3221200902,
        3221200903,
        3221206024,
        3221200905,
        3221200906,
        3221200907,
        3221200908,
        3221200909,
        3221200910,
        3221185551,
        3221210112,
        3221204993,
        3221204994,
        3221204995,
        3221204996,
        3221204997,
        3221204998,
        3221194759,
        3221205000,
        3221205001,
        3221205002,
        3221194763,
        3221205004,
        3221194765,
        3221194766,
        3221184527,
        3221209088,
        3221209089,
        3221209090,
        3221201411,
        3221209092,
        3221201413,
        3221201414,
        3221193735,
        3221209096,
        3221201417,
        3221201418,
        3221193739,
        3221201420,
        3221193741,
        3221193742,
        3221188623,
        3221213184,
        3221205505,
        3221205506,
        3221202947,
        3221205508,
        3221202949,
        3221202950,
        3221192711,
        3221205512,
        3221202953,
        3221202954,
        3221192715,
        3221202956,
        3221192717,
        3221192718,
        3221192719,
    ],
    [
        3221213440,
        3221209601,
        3221209602,
        3221207043,
        3221209604,
        3221207045,
        3221207046,
        3221201927,
        3221209608,
        3221207049,
        3221207050,
        3221201931,
        3221207052,
        3221201933,
        3221201934,
        3221196815,
        3221213696,
        3221211137,
        3221211138,
        3221206019,
        3221211140,
        3221206021,
        3221206022,
        3221200903,
        3221211144,
        3221206025,
        3221206026,
        3221200907,
        3221206028,
        3221200909,
        3221200910,
        3221200911,
        3221215232,
        3221210113,
        3221210114,
        3221204995,
        3221210116,
        3221204997,
        3221204998,
        3221204999,
        3221210120,
        3221205001,
        3221205002,
        3221205003,
        3221205004,
        3221205005,
        3221205006,
        3221194767,
        3221214208,
        3221209089,
        3221209090,
        3221209091,
        3221209092,
        3221209093,
        3221209094,
        3221201415,
        3221209096,
        3221209097,
        3221209098,
        3221201419,
        3221209100,
        3221201421,
        3221201422,
        3221193743,
        3221213184,
        3221213185,
        3221213186,
        3221205507,
        3221213188,
        3221205509,
        3221205510,
        3221202951,
        3221213192,
        3221205513,
        3221205514,
        3221202955,
        3221205516,
        3221202957,
        3221202958,
        3221192719,
    ],
    [
        3221217280,
        3221213441,
        3221213442,
        3221209603,
        3221213444,
        3221209605,
        3221209606,
        3221207047,
        3221213448,
        3221209609,
        3221209610,
        3221207051,
        3221209612,
        3221207053,
        3221207054,
        3221201935,
        3221216256,
        3221213697,
        3221213698,
        3221211139,
        3221213700,
        3221211141,
        3221211142,
        3221206023,
        3221213704,
        3221211145,
        3221211146,
        3221206027,
        3221211148,
        3221206029,
        3221206030,
        3221200911,
        3221215232,
        3221215233,
        3221215234,
        3221210115,
        3221215236,
        3221210117,
        3221210118,
        3221204999,
        3221215240,
        3221210121,
        3221210122,
        3221205003,
        3221210124,
        3221205005,
        3221205006,
        3221205007,
        3221215488,
        3221214209,
        3221214210,
        3221209091,
        3221214212,
        3221209093,
        3221209094,
        3221209095,
        3221214216,
        3221209097,
        3221209098,
        3221209099,
        3221209100,
        3221209101,
        3221209102,
        3221201423,
        3221215744,
        3221213185,
        3221213186,
        3221213187,
        3221213188,
        3221213189,
        3221213190,
        3221205511,
        3221213192,
        3221213193,
        3221213194,
        3221205515,
        3221213196,
        3221205517,
        3221205518,
        3221202959,
    ],
    [
        3221217280,
        3221217281,
        3221217282,
        3221213443,
        3221217284,
        3221213445,
        3221213446,
        3221209607,
        3221217288,
        3221213449,
        3221213450,
        3221209611,
        3221213452,
        3221209613,
        3221209614,
        3221207055,
        3221217536,
        3221216257,
        3221216258,
        3221213699,
        3221216260,
        3221213701,
        3221213702,
        3221211143,
        3221216264,
        3221213705,
        3221213706,
        3221211147,
        3221213708,
        3221211149,
        3221211150,
        3221206031,
        3221217792,
        3221215233,
        3221215234,
        3221215235,
        3221215236,
        3221215237,
        3221215238,
        3221210119,
        3221215240,
        3221215241,
        3221215242,
        3221210123,
        3221215244,
        3221210125,
        3221210126,
        3221205007,
        3221219328,
        3221215489,
        3221215490,
        3221214211,
        3221215492,
        3221214213,
        3221214214,
        3221209095,
        3221215496,
        3221214217,
        3221214218,
        3221209099,
        3221214220,
        3221209101,
        3221209102,
        3221209103,
        3221218304,
        3221215745,
        3221215746,
        3221213187,
        3221215748,
        3221213189,
        3221213190,
        3221213191,
        3221215752,
        3221213193,
        3221213194,
        3221213195,
        3221213196,
        3221213197,
        3221213198,
        3221205519,
    ],
    [
        3221219840,
        3221217281,
        3221217282,
        3221217283,
        3221217284,
        3221217285,
        3221217286,
        3221213447,
        3221217288,
        3221217289,
        3221217290,
        3221213451,
        3221217292,
        3221213453,
        3221213454,
        3221209615,
        3221219456,
        3221217537,
        3221217538,
        3221216259,
        3221217540,
        3221216261,
        3221216262,
        3221213703,
        3221217544,
        3221216265,
        3221216266,
        3221213707,
        3221216268,
        3221213709,
        3221213710,
        3221211151,
        3221220352,
        3221217793,
        3221217794,
        3221215235,
        3221217796,
        3221215237,
        3221215238,
        3221215239,
        3221217800,
        3221215241,
        3221215242,
        3221215243,
        3221215244,
        3221215245,
        3221215246,
        3221210127,
        3221219328,
        3221219329,
        3221219330,
        3221215491,
        3221219332,
        3221215493,
        3221215494,
        3221214215,
        3221219336,
        3221215497,
        3221215498,
        3221214219,
        3221215500,
        3221214221,
        3221214222,
        3221209103,
        3221219584,
        3221218305,
        3221218306,
        3221215747,
        3221218308,
        3221215749,
        3221215750,
        3221213191,
        3221218312,
        3221215753,
        3221215754,
        3221213195,
        3221215756,
        3221213197,
        3221213198,
        3221213199,
    ],
    [
        3221220480,
        3221219841,
        3221219842,
        3221217283,
        3221219844,
        3221217285,
        3221217286,
        3221217287,
        3221219848,
        3221217289,
        3221217290,
        3221217291,
        3221217292,
        3221217293,
        3221217294,
        3221213455,
        3221221376,
        3221219457,
        3221219458,
        3221217539,
        3221219460,
        3221217541,
        3221217542,
        3221216263,
        3221219464,
        3221217545,
        3221217546,
        3221216267,
        3221217548,
        3221216269,
        3221216270,
        3221213711,
        3221220352,
        3221220353,
        3221220354,
        3221217795,
        3221220356,
        3221217797,
        3221217798,
        3221215239,
        3221220360,
        3221217801,
        3221217802,
        3221215243,
        3221217804,
        3221215245,
        3221215246,
        3221215247,
        3221220608,
        3221219329,
        3221219330,
        3221219331,
        3221219332,
        3221219333,
        3221219334,
        3221215495,
        3221219336,
        3221219337,
        3221219338,
        3221215499,
        3221219340,
        3221215501,
        3221215502,
        3221214223,
        3221220864,
        3221219585,
        3221219586,
        3221218307,
        3221219588,
        3221218309,
        3221218310,
        3221215751,
        3221219592,
        3221218313,
        3221218314,
        3221215755,
        3221218316,
        3221215757,
        3221215758,
        3221213199,
    ],
    [
        3221221120,
        3221219841,
        3221219842,
        3221219843,
        3221219844,
        3221219845,
        3221219846,
        3221217287,
        3221219848,
        3221219849,
        3221219850,
        3221217291,
        3221219852,
        3221217293,
        3221217294,
        3221214735,
        3221221376,
        3221220097,
        3221220098,
        3221218819,
        3221220100,
        3221218821,
        3221218822,
        3221216263,
        3221220104,
        3221218825,
        3221218826,
        3221216267,
        3221218828,
        3221216269,
        3221216270,
        3221213711,
        3221220992,
        3221220353,
        3221220354,
        3221217795,
        3221220356,
        3221217797,
        3221217798,
        3221217799,
        3221220360,
        3221217801,
        3221217802,
        3221217803,
        3221217804,
        3221217805,
        3221217806,
        3221215247,
        3221221888,
        3221219969,
        3221219970,
        3221219331,
        3221219972,
        3221219333,
        3221219334,
        3221216775,
        3221219976,
        3221219337,
        3221219338,
        3221216779,
        3221219340,
        3221216781,
        3221216782,
        3221214223,
        3221220864,
        3221220865,
        3221220866,
        3221218307,
        3221220868,
        3221218309,
        3221218310,
        3221215751,
        3221220872,
        3221218313,
        3221218314,
        3221215755,
        3221218316,
        3221215757,
        3221215758,
        3221215759,
    ],
]
3221221120
